#           k/h    P           
 0.73746312E-04 0.31704907E+03
 0.82412909E-04 0.35294727E+03
 0.92098002E-04 0.39290311E+03
 0.10292127E-03 0.43737244E+03
 0.11501648E-03 0.48686185E+03
 0.12853311E-03 0.54193243E+03
 0.14363820E-03 0.60320703E+03
 0.16051844E-03 0.67137482E+03
 0.17938240E-03 0.74719763E+03
 0.20046326E-03 0.83151758E+03
 0.22402151E-03 0.92526202E+03
 0.25034833E-03 0.10294518E+04
 0.27976901E-03 0.11452059E+04
 0.31264720E-03 0.12737498E+04
 0.34938921E-03 0.14164183E+04
 0.39044913E-03 0.15746646E+04
 0.43633435E-03 0.17500610E+04
 0.48761195E-03 0.19443087E+04
 0.54491562E-03 0.21592405E+04
 0.60895365E-03 0.23968357E+04
 0.68051729E-03 0.26592290E+04
 0.76049106E-03 0.29487312E+04
 0.84986322E-03 0.32678564E+04
 0.94973837E-03 0.36193389E+04
 0.10613507E-02 0.40061401E+04
 0.11860797E-02 0.44314302E+04
 0.13254667E-02 0.48985215E+04
 0.14812343E-02 0.54107783E+04
 0.16553076E-02 0.59714956E+04
 0.18498377E-02 0.65837896E+04
 0.20672290E-02 0.72504731E+04
 0.23101678E-02 0.79739097E+04
 0.25816567E-02 0.87558457E+04
 0.28850504E-02 0.95971914E+04
 0.32240988E-02 0.10497805E+05
 0.36029920E-02 0.11456201E+05
 0.40264120E-02 0.12469249E+05
 0.44995924E-02 0.13531851E+05
 0.50283805E-02 0.14636555E+05
 0.50845630E-02 0.14748976E+05
 0.51413728E-02 0.14861707E+05
 0.51988177E-02 0.14974732E+05
 0.52569048E-02 0.15088045E+05
 0.53156405E-02 0.15201630E+05
 0.53750323E-02 0.15315477E+05
 0.54350882E-02 0.15429568E+05
 0.54958146E-02 0.15543891E+05
 0.55572200E-02 0.15658433E+05
 0.56193108E-02 0.15773178E+05
 0.56820959E-02 0.15888114E+05
 0.57455823E-02 0.16003218E+05
 0.58097783E-02 0.16118485E+05
 0.58746911E-02 0.16233896E+05
 0.59403297E-02 0.16349427E+05
 0.60067014E-02 0.16465074E+05
 0.60738144E-02 0.16580807E+05
 0.61416775E-02 0.16696613E+05
 0.62102992E-02 0.16812486E+05
 0.62796869E-02 0.16928391E+05
 0.63498504E-02 0.17044316E+05
 0.64207977E-02 0.17160244E+05
 0.64925379E-02 0.17276154E+05
 0.65650796E-02 0.17392025E+05
 0.66384315E-02 0.17507836E+05
 0.67126034E-02 0.17623574E+05
 0.67876037E-02 0.17739211E+05
 0.68634418E-02 0.17854725E+05
 0.69401278E-02 0.17970094E+05
 0.70176702E-02 0.18085299E+05
 0.70960792E-02 0.18200316E+05
 0.71753641E-02 0.18315125E+05
 0.72555346E-02 0.18429697E+05
 0.73366016E-02 0.18544012E+05
 0.74185738E-02 0.18658041E+05
 0.75014620E-02 0.18771760E+05
 0.75852764E-02 0.18885148E+05
 0.76700272E-02 0.18998178E+05
 0.77557247E-02 0.19110820E+05
 0.78423806E-02 0.19223053E+05
 0.79300040E-02 0.19334844E+05
 0.80186063E-02 0.19446166E+05
 0.81081986E-02 0.19556994E+05
 0.81987921E-02 0.19667299E+05
 0.82903979E-02 0.19777051E+05
 0.83830273E-02 0.19886217E+05
 0.84766913E-02 0.19994775E+05
 0.85714012E-02 0.20102686E+05
 0.86671701E-02 0.20209924E+05
 0.87640090E-02 0.20316451E+05
 0.88619301E-02 0.20422250E+05
 0.89609455E-02 0.20527275E+05
 0.90610664E-02 0.20631494E+05
 0.91623068E-02 0.20734887E+05
 0.92646778E-02 0.20837400E+05
 0.93681924E-02 0.20939014E+05
 0.94728637E-02 0.21039686E+05
 0.95787048E-02 0.21139385E+05
 0.96857287E-02 0.21238074E+05
 0.97939475E-02 0.21335713E+05
 0.99033760E-02 0.21432277E+05
 0.10014027E-01 0.21527721E+05
 0.10125915E-01 0.21622000E+05
 0.10239053E-01 0.21715090E+05
 0.10353453E-01 0.21806943E+05
 0.10469134E-01 0.21897529E+05
 0.10586106E-01 0.21986801E+05
 0.10704385E-01 0.22074717E+05
 0.10823986E-01 0.22161250E+05
 0.10944923E-01 0.22246342E+05
 0.11067212E-01 0.22329965E+05
 0.11190866E-01 0.22412076E+05
 0.11315903E-01 0.22492629E+05
 0.11442336E-01 0.22571582E+05
 0.11570182E-01 0.22648896E+05
 0.11699457E-01 0.22724529E+05
 0.11830175E-01 0.22798438E+05
 0.11962355E-01 0.22870576E+05
 0.12096011E-01 0.22940900E+05
 0.12231161E-01 0.23009369E+05
 0.12367820E-01 0.23075930E+05
 0.12506006E-01 0.23140551E+05
 0.12645737E-01 0.23203186E+05
 0.12787029E-01 0.23263783E+05
 0.12929899E-01 0.23322299E+05
 0.13074365E-01 0.23378693E+05
 0.13220446E-01 0.23432916E+05
 0.13368160E-01 0.23484924E+05
 0.13517523E-01 0.23534672E+05
 0.13668555E-01 0.23582113E+05
 0.13821275E-01 0.23627209E+05
 0.13975700E-01 0.23669906E+05
 0.14131852E-01 0.23710160E+05
 0.14289748E-01 0.23747930E+05
 0.14449408E-01 0.23783170E+05
 0.14610853E-01 0.23815832E+05
 0.14774101E-01 0.23845875E+05
 0.14939173E-01 0.23873258E+05
 0.15106089E-01 0.23897926E+05
 0.15274871E-01 0.23919846E+05
 0.15445538E-01 0.23938973E+05
 0.15618112E-01 0.23955264E+05
 0.15792614E-01 0.23968678E+05
 0.15969066E-01 0.23979168E+05
 0.16147491E-01 0.23986707E+05
 0.16327906E-01 0.23991236E+05
 0.16510339E-01 0.23992730E+05
 0.16694810E-01 0.23991148E+05
 0.16881343E-01 0.23986451E+05
 0.17069960E-01 0.23978607E+05
 0.17260684E-01 0.23967576E+05
 0.17453538E-01 0.23953326E+05
 0.17648548E-01 0.23935824E+05
 0.17845737E-01 0.23915033E+05
 0.18045127E-01 0.23890934E+05
 0.18246748E-01 0.23863492E+05
 0.18450620E-01 0.23832686E+05
 0.18656770E-01 0.23798482E+05
 0.18865222E-01 0.23760859E+05
 0.19076005E-01 0.23719795E+05
 0.19289143E-01 0.23675275E+05
 0.19504661E-01 0.23627277E+05
 0.19722588E-01 0.23575789E+05
 0.19942950E-01 0.23520791E+05
 0.20165775E-01 0.23462281E+05
 0.20391088E-01 0.23400236E+05
 0.20618919E-01 0.23334660E+05
 0.20849295E-01 0.23265547E+05
 0.21082247E-01 0.23192900E+05
 0.21317799E-01 0.23116713E+05
 0.21555984E-01 0.23037000E+05
 0.21796832E-01 0.22953760E+05
 0.22040369E-01 0.22867008E+05
 0.22286627E-01 0.22776756E+05
 0.22535637E-01 0.22683021E+05
 0.22787429E-01 0.22585826E+05
 0.23042034E-01 0.22485189E+05
 0.23299485E-01 0.22381145E+05
 0.23559812E-01 0.22273719E+05
 0.23823047E-01 0.22162945E+05
 0.24089225E-01 0.22048869E+05
 0.24358375E-01 0.21931531E+05
 0.24630532E-01 0.21810969E+05
 0.24905732E-01 0.21687238E+05
 0.25184004E-01 0.21560396E+05
 0.25465388E-01 0.21430488E+05
 0.25749914E-01 0.21297598E+05
 0.26037619E-01 0.21161771E+05
 0.26328539E-01 0.21023096E+05
 0.26622711E-01 0.20881627E+05
 0.26920168E-01 0.20737455E+05
 0.27220948E-01 0.20590660E+05
 0.27525090E-01 0.20441338E+05
 0.27832629E-01 0.20289562E+05
 0.28143605E-01 0.20135445E+05
 0.28458055E-01 0.19979074E+05
 0.28776020E-01 0.19820555E+05
 0.29097537E-01 0.19660002E+05
 0.29422645E-01 0.19497512E+05
 0.29751386E-01 0.19333211E+05
 0.30083800E-01 0.19167211E+05
 0.30419929E-01 0.18999637E+05
 0.30759813E-01 0.18830609E+05
 0.31103494E-01 0.18660264E+05
 0.31451017E-01 0.18488723E+05
 0.31802420E-01 0.18316125E+05
 0.32157749E-01 0.18142605E+05
 0.32517049E-01 0.17968305E+05
 0.32880366E-01 0.17793359E+05
 0.33247743E-01 0.17617918E+05
 0.33619221E-01 0.17442121E+05
 0.33994850E-01 0.17266113E+05
 0.34374677E-01 0.17090045E+05
 0.34758747E-01 0.16914061E+05
 0.35147108E-01 0.16738311E+05
 0.35539810E-01 0.16562949E+05
 0.35936899E-01 0.16388113E+05
 0.36338426E-01 0.16213957E+05
 0.36744438E-01 0.16040628E+05
 0.37154984E-01 0.15868270E+05
 0.37570119E-01 0.15697022E+05
 0.37989892E-01 0.15527035E+05
 0.38414355E-01 0.15358441E+05
 0.38843565E-01 0.15191381E+05
 0.39277565E-01 0.15025984E+05
 0.39716415E-01 0.14862384E+05
 0.40160172E-01 0.14700705E+05
 0.40608883E-01 0.14541061E+05
 0.41062608E-01 0.14383577E+05
 0.41521404E-01 0.14228355E+05
 0.41985326E-01 0.14075502E+05
 0.42454429E-01 0.13925116E+05
 0.42928778E-01 0.13777289E+05
 0.43408424E-01 0.13632101E+05
 0.43893427E-01 0.13489627E+05
 0.44383854E-01 0.13349941E+05
 0.44879757E-01 0.13213096E+05
 0.45381200E-01 0.13079141E+05
 0.45888249E-01 0.12948121E+05
 0.46400961E-01 0.12820062E+05
 0.46919402E-01 0.12694986E+05
 0.47443636E-01 0.12572901E+05
 0.47973726E-01 0.12453807E+05
 0.48509739E-01 0.12337689E+05
 0.49051743E-01 0.12224526E+05
 0.49599800E-01 0.12114276E+05
 0.50153982E-01 0.12006892E+05
 0.50714359E-01 0.11902312E+05
 0.51280994E-01 0.11800463E+05
 0.51853959E-01 0.11701256E+05
 0.52433327E-01 0.11604588E+05
 0.53019166E-01 0.11510348E+05
 0.53611554E-01 0.11418410E+05
 0.54210559E-01 0.11328632E+05
 0.54816257E-01 0.11240863E+05
 0.55428725E-01 0.11154938E+05
 0.56048032E-01 0.11070673E+05
 0.56674261E-01 0.10987887E+05
 0.57307485E-01 0.10906375E+05
 0.57947788E-01 0.10825927E+05
 0.58858234E-01 0.10714420E+05
 0.59768684E-01 0.10613635E+05
 0.60679134E-01 0.10506849E+05
 0.61589580E-01 0.10401286E+05
 0.62500030E-01 0.10296317E+05
 0.63410476E-01 0.10191356E+05
 0.64320922E-01 0.10085874E+05
 0.65231375E-01 0.99794053E+04
 0.66141821E-01 0.98715273E+04
 0.67052267E-01 0.97618906E+04
 0.67962721E-01 0.96502080E+04
 0.68873167E-01 0.95362383E+04
 0.69783613E-01 0.94198184E+04
 0.70694067E-01 0.93008379E+04
 0.71604513E-01 0.91792471E+04
 0.72514959E-01 0.90550479E+04
 0.73425412E-01 0.89283057E+04
 0.74335858E-01 0.87990938E+04
 0.75246304E-01 0.86676338E+04
 0.76156750E-01 0.85340977E+04
 0.77067204E-01 0.83987217E+04
 0.77977650E-01 0.82617812E+04
 0.78888096E-01 0.81235708E+04
 0.79798549E-01 0.79844199E+04
 0.80708995E-01 0.78446675E+04
 0.81619442E-01 0.77046714E+04
 0.82529895E-01 0.75647954E+04
 0.83440341E-01 0.74254082E+04
 0.84350787E-01 0.72868730E+04
 0.85261241E-01 0.71495562E+04
 0.86171687E-01 0.70138057E+04
 0.87082133E-01 0.68799644E+04
 0.87992579E-01 0.67483496E+04
 0.88903032E-01 0.66192690E+04
 0.89813478E-01 0.64930034E+04
 0.90723924E-01 0.63698135E+04
 0.91634378E-01 0.62499307E+04
 0.92544824E-01 0.61335601E+04
 0.93455270E-01 0.60208833E+04
 0.94365723E-01 0.59120518E+04
 0.95276169E-01 0.58071895E+04
 0.96186616E-01 0.57063906E+04
 0.97097069E-01 0.56097236E+04
 0.98007515E-01 0.55172295E+04
 0.98917961E-01 0.54289233E+04
 0.99828407E-01 0.53447915E+04
 0.10073886E+00 0.52648052E+04
 0.10164931E+00 0.51889004E+04
 0.10255975E+00 0.51170020E+04
 0.10347021E+00 0.50490073E+04
 0.10438065E+00 0.49848003E+04
 0.10529110E+00 0.49242437E+04
 0.10620155E+00 0.48671875E+04
 0.10711200E+00 0.48134658E+04
 0.10802244E+00 0.47628989E+04
 0.10893289E+00 0.47152998E+04
 0.10984334E+00 0.46704697E+04
 0.11075379E+00 0.46282021E+04
 0.11166424E+00 0.45882822E+04
 0.11257469E+00 0.45504961E+04
 0.11348514E+00 0.45146206E+04
 0.11439558E+00 0.44804351E+04
 0.11530603E+00 0.44477178E+04
 0.11621648E+00 0.44162476E+04
 0.11712693E+00 0.43858091E+04
 0.11803738E+00 0.43561890E+04
 0.11894783E+00 0.43271807E+04
 0.11985827E+00 0.42985869E+04
 0.12076872E+00 0.42702148E+04
 0.12167917E+00 0.42418887E+04
 0.12258962E+00 0.42134370E+04
 0.12350006E+00 0.41847041E+04
 0.12441052E+00 0.41555479E+04
 0.12532096E+00 0.41258384E+04
 0.12623142E+00 0.40954634E+04
 0.12714186E+00 0.40643230E+04
 0.12805231E+00 0.40323345E+04
 0.12896276E+00 0.39994316E+04
 0.12987320E+00 0.39655635E+04
 0.13078365E+00 0.39306965E+04
 0.13169411E+00 0.38948115E+04
 0.13260455E+00 0.38579048E+04
 0.13351500E+00 0.38199890E+04
 0.13442545E+00 0.37810889E+04
 0.13533589E+00 0.37412458E+04
 0.13624634E+00 0.37005100E+04
 0.13715678E+00 0.36589468E+04
 0.13806725E+00 0.36166292E+04
 0.13897769E+00 0.35736414E+04
 0.13988814E+00 0.35300732E+04
 0.14079858E+00 0.34860239E+04
 0.14170903E+00 0.34415979E+04
 0.14261948E+00 0.33969009E+04
 0.14352994E+00 0.33520459E+04
 0.14444038E+00 0.33071428E+04
 0.14535083E+00 0.32623057E+04
 0.14626127E+00 0.32176467E+04
 0.14717172E+00 0.31732756E+04
 0.14808217E+00 0.31293003E+04
 0.14899261E+00 0.30858228E+04
 0.14990307E+00 0.30429441E+04
 0.15081352E+00 0.30007563E+04
 0.15172397E+00 0.29593474E+04
 0.15263441E+00 0.29187979E+04
 0.15354486E+00 0.28791824E+04
 0.15445530E+00 0.28405662E+04
 0.15536577E+00 0.28030088E+04
 0.15627621E+00 0.27665603E+04
 0.15718666E+00 0.27312634E+04
 0.15809710E+00 0.26971519E+04
 0.15900755E+00 0.26642532E+04
 0.15991800E+00 0.26325850E+04
 0.16082844E+00 0.26021582E+04
 0.16173890E+00 0.25729753E+04
 0.16264935E+00 0.25450322E+04
 0.16355979E+00 0.25183162E+04
 0.16447024E+00 0.24928098E+04
 0.16538069E+00 0.24684875E+04
 0.16629113E+00 0.24453196E+04
 0.16720159E+00 0.24232681E+04
 0.16811204E+00 0.24022922E+04
 0.16902249E+00 0.23823450E+04
 0.16993293E+00 0.23633765E+04
 0.17084338E+00 0.23453311E+04
 0.17175382E+00 0.23281521E+04
 0.17266427E+00 0.23117783E+04
 0.17357473E+00 0.22961460E+04
 0.17448518E+00 0.22811919E+04
 0.17539562E+00 0.22668484E+04
 0.17630607E+00 0.22530493E+04
 0.17721651E+00 0.22397268E+04
 0.17812696E+00 0.22268137E+04
 0.17903742E+00 0.22142439E+04
 0.17994787E+00 0.22019512E+04
 0.18085831E+00 0.21898721E+04
 0.18176876E+00 0.21779448E+04
 0.18267921E+00 0.21661096E+04
 0.18358965E+00 0.21543083E+04
 0.18450010E+00 0.21424890E+04
 0.18541056E+00 0.21306011E+04
 0.18632101E+00 0.21185977E+04
 0.18723145E+00 0.21064360E+04
 0.18814190E+00 0.20940791E+04
 0.18905234E+00 0.20814922E+04
 0.18996279E+00 0.20686467E+04
 0.19087325E+00 0.20555186E+04
 0.19178370E+00 0.20420867E+04
 0.19269414E+00 0.20283381E+04
 0.19360459E+00 0.20142616E+04
 0.19451503E+00 0.19998521E+04
 0.19542548E+00 0.19851084E+04
 0.19633593E+00 0.19700337E+04
 0.19724639E+00 0.19546362E+04
 0.19815683E+00 0.19389279E+04
 0.19906728E+00 0.19229238E+04
 0.19997773E+00 0.19066437E+04
 0.20088817E+00 0.18901080E+04
 0.20179862E+00 0.18733439E+04
 0.20270908E+00 0.18563772E+04
 0.20361952E+00 0.18392379E+04
 0.20452997E+00 0.18219580E+04
 0.20544042E+00 0.18045697E+04
 0.20635086E+00 0.17871071E+04
 0.20726131E+00 0.17696052E+04
 0.20817176E+00 0.17520989E+04
 0.20908222E+00 0.17346235E+04
 0.20999266E+00 0.17172134E+04
 0.21090311E+00 0.16999025E+04
 0.21181355E+00 0.16827249E+04
 0.21272400E+00 0.16657126E+04
 0.21363445E+00 0.16488966E+04
 0.21454489E+00 0.16323053E+04
 0.21545535E+00 0.16159674E+04
 0.21636580E+00 0.15999073E+04
 0.21921268E+00 0.15517284E+04
 0.22209701E+00 0.15064869E+04
 0.22501929E+00 0.14646685E+04
 0.22798003E+00 0.14265293E+04
 0.23097973E+00 0.13920817E+04
 0.23401889E+00 0.13610985E+04
 0.23709804E+00 0.13331348E+04
 0.24021772E+00 0.13075682E+04
 0.24337843E+00 0.12836520E+04
 0.24658072E+00 0.12605823E+04
 0.24982516E+00 0.12375718E+04
 0.25311229E+00 0.12139241E+04
 0.25644267E+00 0.11891019E+04
 0.25981686E+00 0.11627800E+04
 0.26323545E+00 0.11348738E+04
 0.26669905E+00 0.11055420E+04
 0.27020818E+00 0.10751595E+04
 0.27376351E+00 0.10442642E+04
 0.27736560E+00 0.10134844E+04
 0.28101510E+00 0.98345941E+03
 0.28471261E+00 0.95475916E+03
 0.28845876E+00 0.92781781E+03
 0.29225424E+00 0.90288666E+03
 0.29609963E+00 0.88001074E+03
 0.29999563E+00 0.85903400E+03
 0.30394286E+00 0.83962720E+03
 0.30794206E+00 0.82133972E+03
 0.31199387E+00 0.80366516E+03
 0.31609899E+00 0.78611664E+03
 0.32025814E+00 0.76829523E+03
 0.32447201E+00 0.74994604E+03
 0.32874131E+00 0.73098901E+03
 0.33306679E+00 0.71152118E+03
 0.33744919E+00 0.69178687E+03
 0.34188923E+00 0.67212524E+03
 0.34638771E+00 0.65290283E+03
 0.35094538E+00 0.63444574E+03
 0.35556301E+00 0.61698285E+03
 0.36024141E+00 0.60061041E+03
 0.36498135E+00 0.58528369E+03
 0.36978367E+00 0.57083521E+03
 0.37464920E+00 0.55701501E+03
 0.37957871E+00 0.54354639E+03
 0.38457310E+00 0.53018311E+03
 0.38963321E+00 0.51675696E+03
 0.39475986E+00 0.50320682E+03
 0.39995402E+00 0.48958063E+03
 0.40521649E+00 0.47601260E+03
 0.41054821E+00 0.46268192E+03
 0.41595009E+00 0.44976343E+03
 0.42142302E+00 0.43738416E+03
 0.42696798E+00 0.42559518E+03
 0.43258590E+00 0.41436530E+03
 0.43827775E+00 0.40359659E+03
 0.44404447E+00 0.39315604E+03
 0.44988707E+00 0.38291443E+03
 0.45580655E+00 0.37277972E+03
 0.46180394E+00 0.36271811E+03
 0.46788022E+00 0.35275443E+03
 0.47403646E+00 0.34295587E+03
 0.48027366E+00 0.33340430E+03
 0.48659298E+00 0.32416632E+03
 0.49299541E+00 0.31527240E+03
 0.49948213E+00 0.30671039E+03
 0.50605416E+00 0.29843335E+03
 0.51271266E+00 0.29037927E+03
 0.51945877E+00 0.28249301E+03
 0.52629369E+00 0.27474356E+03
 0.53321850E+00 0.26712979E+03
 0.54023445E+00 0.25967487E+03
 0.54734266E+00 0.25241113E+03
 0.55454445E+00 0.24536435E+03
 0.56184095E+00 0.23854260E+03
 0.56923354E+00 0.23193396E+03
 0.57672334E+00 0.22551320E+03
 0.58431166E+00 0.21925320E+03
 0.59199989E+00 0.21313547E+03
 0.59978926E+00 0.20715498E+03
 0.60768110E+00 0.20131821E+03
 0.61567676E+00 0.19563618E+03
 0.62377769E+00 0.19011633E+03
 0.63198513E+00 0.18475792E+03
 0.64030063E+00 0.17955208E+03
 0.64872551E+00 0.17448625E+03
 0.65726125E+00 0.16954988E+03
 0.70779580E+00 0.14393553E+03
 0.76221579E+00 0.12203509E+03
 0.82081997E+00 0.10332531E+03
 0.88393003E+00 0.87368210E+02
 0.95189238E+00 0.73783440E+02
 0.10250801E+01 0.62236397E+02
 0.11038949E+01 0.52433830E+02
 0.11887697E+01 0.44125469E+02
 0.12801701E+01 0.37093563E+02
 0.13785980E+01 0.31148718E+02
 0.14845936E+01 0.26130346E+02
 0.15987390E+01 0.21898569E+02
 0.17216606E+01 0.18334770E+02
 0.18540331E+01 0.15336665E+02
 0.19965833E+01 0.12817438E+02
 0.21500938E+01 0.10702705E+02
 0.23154073E+01 0.89294014E+01
 0.24934309E+01 0.74438686E+01
 0.26851423E+01 0.62005973E+01
 0.28915937E+01 0.51610508E+01
 0.31139183E+01 0.42926106E+01
 0.33533368E+01 0.35677431E+01
 0.36111634E+01 0.29632208E+01
 0.38888135E+01 0.24594748E+01
 0.41878109E+01 0.20400310E+01
 0.45097976E+01 0.16910441E+01
 0.48565402E+01 0.14008950E+01
 0.52299428E+01 0.11598362E+01
 0.56320553E+01 0.95969844E+00
 0.60650849E+01 0.79364616E+00
 0.65314083E+01 0.65596521E+00
 0.70335860E+01 0.54187900E+00
 0.75743742E+01 0.44740161E+00
 0.81567421E+01 0.36921006E+00
 0.87838860E+01 0.30453345E+00
 0.94592485E+01 0.25106597E+00
 0.10186538E+02 0.20688926E+00
 0.10969746E+02 0.17040774E+00
 0.11813172E+02 0.14029692E+00
 0.12721447E+02 0.11545640E+00
 0.13699555E+02 0.94973847E-01
 0.14752867E+02 0.78092672E-01
 0.15887164E+02 0.64186051E-01
 0.17108673E+02 0.52735027E-01
 0.18424101E+02 0.43310117E-01
 0.19840668E+02 0.35556126E-01
 0.21366148E+02 0.29179506E-01
 0.23008917E+02 0.23937678E-01
 0.24777994E+02 0.19630447E-01
 0.26683090E+02 0.16092524E-01
 0.28734661E+02 0.13187609E-01
 0.30943970E+02 0.10803336E-01
 0.33323147E+02 0.88470960E-02
 0.35885250E+02 0.72426163E-02
 0.38644341E+02 0.59271082E-02
 0.41615574E+02 0.48488975E-02
 0.44815250E+02 0.39654751E-02
 0.48260944E+02 0.32418920E-02
 0.51971561E+02 0.26494211E-02
 0.55967476E+02 0.21644633E-02
 0.60270626E+02 0.17676359E-02
 0.64904625E+02 0.14430267E-02
 0.69894920E+02 0.11775774E-02
 0.75268898E+02 0.96057483E-03
 0.81056068E+02 0.78323390E-03
 0.87288193E+02 0.63835247E-03
 0.93999481E+02 0.52002794E-03
 0.10122678E+03 0.42342505E-03
