#           k/h    P           
 0.73746312E-04 0.33210126E+03
 0.82412909E-04 0.36972772E+03
 0.92098002E-04 0.41161649E+03
 0.10292127E-03 0.45825024E+03
 0.11501648E-03 0.51016611E+03
 0.12853311E-03 0.56796161E+03
 0.14363820E-03 0.63230219E+03
 0.16051844E-03 0.70392792E+03
 0.17938240E-03 0.78366168E+03
 0.20046326E-03 0.87241998E+03
 0.22402151E-03 0.97122034E+03
 0.25034833E-03 0.10811945E+04
 0.27976901E-03 0.12035990E+04
 0.31264720E-03 0.13398293E+04
 0.34938921E-03 0.14914318E+04
 0.39044913E-03 0.16601179E+04
 0.43633435E-03 0.18477784E+04
 0.48761195E-03 0.20564961E+04
 0.54491562E-03 0.22885549E+04
 0.60895365E-03 0.25464463E+04
 0.68051729E-03 0.28328667E+04
 0.76049106E-03 0.31507090E+04
 0.84986322E-03 0.35030378E+04
 0.94973837E-03 0.38930574E+04
 0.10613507E-02 0.43240625E+04
 0.11860797E-02 0.47994014E+04
 0.13254667E-02 0.53224341E+04
 0.14812343E-02 0.58965005E+04
 0.16553076E-02 0.65248813E+04
 0.18498377E-02 0.72107192E+04
 0.20672290E-02 0.79568789E+04
 0.23101678E-02 0.87657881E+04
 0.25816567E-02 0.96392363E+04
 0.28850504E-02 0.10578140E+05
 0.32240988E-02 0.11582279E+05
 0.36029920E-02 0.12649981E+05
 0.40264120E-02 0.13777767E+05
 0.44995924E-02 0.14959992E+05
 0.50283805E-02 0.16188414E+05
 0.50845630E-02 0.16313395E+05
 0.51413728E-02 0.16438709E+05
 0.51988177E-02 0.16564352E+05
 0.52569048E-02 0.16690307E+05
 0.53156405E-02 0.16816561E+05
 0.53750323E-02 0.16943098E+05
 0.54350882E-02 0.17069900E+05
 0.54958146E-02 0.17196961E+05
 0.55572200E-02 0.17324254E+05
 0.56193108E-02 0.17451771E+05
 0.56820959E-02 0.17579494E+05
 0.57455823E-02 0.17707400E+05
 0.58097783E-02 0.17835486E+05
 0.58746911E-02 0.17963723E+05
 0.59403297E-02 0.18092088E+05
 0.60067014E-02 0.18220580E+05
 0.60738144E-02 0.18349162E+05
 0.61416775E-02 0.18477832E+05
 0.62102992E-02 0.18606551E+05
 0.62796869E-02 0.18735316E+05
 0.63498504E-02 0.18864100E+05
 0.64207977E-02 0.18992879E+05
 0.64925379E-02 0.19121631E+05
 0.65650796E-02 0.19250348E+05
 0.66384315E-02 0.19378988E+05
 0.67126034E-02 0.19507539E+05
 0.67876037E-02 0.19635975E+05
 0.68634418E-02 0.19764275E+05
 0.69401278E-02 0.19892414E+05
 0.70176702E-02 0.20020367E+05
 0.70960792E-02 0.20148105E+05
 0.71753641E-02 0.20275605E+05
 0.72555346E-02 0.20402848E+05
 0.73366016E-02 0.20529795E+05
 0.74185738E-02 0.20656422E+05
 0.75014620E-02 0.20782709E+05
 0.75852764E-02 0.20908623E+05
 0.76700272E-02 0.21034133E+05
 0.77557247E-02 0.21159215E+05
 0.78423806E-02 0.21283834E+05
 0.79300040E-02 0.21407963E+05
 0.80186063E-02 0.21531570E+05
 0.81081986E-02 0.21654629E+05
 0.81987921E-02 0.21777102E+05
 0.82903979E-02 0.21898959E+05
 0.83830273E-02 0.22020168E+05
 0.84766913E-02 0.22140691E+05
 0.85714012E-02 0.22260502E+05
 0.86671701E-02 0.22379564E+05
 0.87640090E-02 0.22497842E+05
 0.88619301E-02 0.22615295E+05
 0.89609455E-02 0.22731896E+05
 0.90610664E-02 0.22847602E+05
 0.91623068E-02 0.22962381E+05
 0.92646778E-02 0.23076191E+05
 0.93681924E-02 0.23189002E+05
 0.94728637E-02 0.23300760E+05
 0.95787048E-02 0.23411439E+05
 0.96857287E-02 0.23521004E+05
 0.97939475E-02 0.23629400E+05
 0.99033760E-02 0.23736594E+05
 0.10014027E-01 0.23842547E+05
 0.10125915E-01 0.23947211E+05
 0.10239053E-01 0.24050555E+05
 0.10353453E-01 0.24152521E+05
 0.10469134E-01 0.24253086E+05
 0.10586106E-01 0.24352188E+05
 0.10704385E-01 0.24449789E+05
 0.10823986E-01 0.24545850E+05
 0.10944923E-01 0.24640316E+05
 0.11067212E-01 0.24733150E+05
 0.11190866E-01 0.24824303E+05
 0.11315903E-01 0.24913732E+05
 0.11442336E-01 0.25001391E+05
 0.11570182E-01 0.25087223E+05
 0.11699457E-01 0.25171193E+05
 0.11830175E-01 0.25253246E+05
 0.11962355E-01 0.25333338E+05
 0.12096011E-01 0.25411418E+05
 0.12231161E-01 0.25487436E+05
 0.12367820E-01 0.25561350E+05
 0.12506006E-01 0.25633100E+05
 0.12645737E-01 0.25702650E+05
 0.12787029E-01 0.25769939E+05
 0.12929899E-01 0.25834926E+05
 0.13074365E-01 0.25897557E+05
 0.13220446E-01 0.25957775E+05
 0.13368160E-01 0.26015543E+05
 0.13517523E-01 0.26070803E+05
 0.13668555E-01 0.26123502E+05
 0.13821275E-01 0.26173604E+05
 0.13975700E-01 0.26221043E+05
 0.14131852E-01 0.26265777E+05
 0.14289748E-01 0.26307752E+05
 0.14449408E-01 0.26346920E+05
 0.14610853E-01 0.26383238E+05
 0.14774101E-01 0.26416648E+05
 0.14939173E-01 0.26447104E+05
 0.15106089E-01 0.26474559E+05
 0.15274871E-01 0.26498965E+05
 0.15445538E-01 0.26520270E+05
 0.15618112E-01 0.26538430E+05
 0.15792614E-01 0.26553400E+05
 0.15969066E-01 0.26565139E+05
 0.16147491E-01 0.26573592E+05
 0.16327906E-01 0.26578717E+05
 0.16510339E-01 0.26580480E+05
 0.16694810E-01 0.26578822E+05
 0.16881343E-01 0.26573721E+05
 0.17069960E-01 0.26565127E+05
 0.17260684E-01 0.26553004E+05
 0.17453538E-01 0.26537305E+05
 0.17648548E-01 0.26518008E+05
 0.17845737E-01 0.26495064E+05
 0.18045127E-01 0.26468451E+05
 0.18246748E-01 0.26438131E+05
 0.18450620E-01 0.26404082E+05
 0.18656770E-01 0.26366271E+05
 0.18865222E-01 0.26324664E+05
 0.19076005E-01 0.26279246E+05
 0.19289143E-01 0.26230000E+05
 0.19504661E-01 0.26176893E+05
 0.19722588E-01 0.26119916E+05
 0.19942950E-01 0.26059053E+05
 0.20165775E-01 0.25994293E+05
 0.20391088E-01 0.25925625E+05
 0.20618919E-01 0.25853033E+05
 0.20849295E-01 0.25776527E+05
 0.21082247E-01 0.25696102E+05
 0.21317799E-01 0.25611758E+05
 0.21555984E-01 0.25523492E+05
 0.21796832E-01 0.25431326E+05
 0.22040369E-01 0.25335264E+05
 0.22286627E-01 0.25235324E+05
 0.22535637E-01 0.25131523E+05
 0.22787429E-01 0.25023885E+05
 0.23042034E-01 0.24912439E+05
 0.23299485E-01 0.24797211E+05
 0.23559812E-01 0.24678236E+05
 0.23823047E-01 0.24555555E+05
 0.24089225E-01 0.24429203E+05
 0.24358375E-01 0.24299236E+05
 0.24630532E-01 0.24165701E+05
 0.24905732E-01 0.24028656E+05
 0.25184004E-01 0.23888156E+05
 0.25465388E-01 0.23744271E+05
 0.25749914E-01 0.23597064E+05
 0.26037619E-01 0.23446611E+05
 0.26328539E-01 0.23292994E+05
 0.26622711E-01 0.23136289E+05
 0.26920168E-01 0.22976588E+05
 0.27220948E-01 0.22813977E+05
 0.27525090E-01 0.22648557E+05
 0.27832629E-01 0.22480428E+05
 0.28143605E-01 0.22309695E+05
 0.28458055E-01 0.22136465E+05
 0.28776020E-01 0.21960859E+05
 0.29097537E-01 0.21782992E+05
 0.29422645E-01 0.21602988E+05
 0.29751386E-01 0.21420967E+05
 0.30083800E-01 0.21237070E+05
 0.30419929E-01 0.21051420E+05
 0.30759813E-01 0.20864170E+05
 0.31103494E-01 0.20675447E+05
 0.31451017E-01 0.20485404E+05
 0.31802420E-01 0.20294189E+05
 0.32157749E-01 0.20101949E+05
 0.32517049E-01 0.19908842E+05
 0.32880366E-01 0.19715025E+05
 0.33247743E-01 0.19520652E+05
 0.33619221E-01 0.19325887E+05
 0.33994850E-01 0.19130885E+05
 0.34374677E-01 0.18935820E+05
 0.34758747E-01 0.18740844E+05
 0.35147108E-01 0.18546135E+05
 0.35539810E-01 0.18351846E+05
 0.35936899E-01 0.18158141E+05
 0.36338426E-01 0.17965191E+05
 0.36744438E-01 0.17773152E+05
 0.37154984E-01 0.17582189E+05
 0.37570119E-01 0.17392463E+05
 0.37989892E-01 0.17204127E+05
 0.38414355E-01 0.17017336E+05
 0.38843565E-01 0.16832244E+05
 0.39277565E-01 0.16648994E+05
 0.39716415E-01 0.16467732E+05
 0.40160172E-01 0.16288601E+05
 0.40608883E-01 0.16111726E+05
 0.41062608E-01 0.15937235E+05
 0.41521404E-01 0.15765260E+05
 0.41985326E-01 0.15595905E+05
 0.42454429E-01 0.15429283E+05
 0.42928778E-01 0.15265495E+05
 0.43408424E-01 0.15104634E+05
 0.43893427E-01 0.14946781E+05
 0.44383854E-01 0.14792013E+05
 0.44879757E-01 0.14640394E+05
 0.45381200E-01 0.14491977E+05
 0.45888249E-01 0.14346810E+05
 0.46400961E-01 0.14204925E+05
 0.46919402E-01 0.14066344E+05
 0.47443636E-01 0.13931078E+05
 0.47973726E-01 0.13799127E+05
 0.48509739E-01 0.13670471E+05
 0.49051743E-01 0.13545088E+05
 0.49599800E-01 0.13422936E+05
 0.50153982E-01 0.13303956E+05
 0.50714359E-01 0.13188083E+05
 0.51280994E-01 0.13075237E+05
 0.51853959E-01 0.12965314E+05
 0.52433327E-01 0.12858212E+05
 0.53019166E-01 0.12753796E+05
 0.53611554E-01 0.12651932E+05
 0.54210559E-01 0.12552458E+05
 0.54816257E-01 0.12455214E+05
 0.55428725E-01 0.12360008E+05
 0.56048032E-01 0.12266646E+05
 0.56674261E-01 0.12174921E+05
 0.57307485E-01 0.12084606E+05
 0.57947788E-01 0.11995472E+05
 0.58858234E-01 0.11871925E+05
 0.59768684E-01 0.11760256E+05
 0.60679134E-01 0.11641938E+05
 0.61589580E-01 0.11524976E+05
 0.62500030E-01 0.11408668E+05
 0.63410476E-01 0.11292373E+05
 0.64320922E-01 0.11175499E+05
 0.65231375E-01 0.11057528E+05
 0.66141821E-01 0.10938000E+05
 0.67052267E-01 0.10816524E+05
 0.67962721E-01 0.10692775E+05
 0.68873167E-01 0.10566499E+05
 0.69783613E-01 0.10437504E+05
 0.70694067E-01 0.10305674E+05
 0.71604513E-01 0.10170948E+05
 0.72514959E-01 0.10033332E+05
 0.73425412E-01 0.98928984E+04
 0.74335858E-01 0.97497285E+04
 0.75246304E-01 0.96040703E+04
 0.76156750E-01 0.94561074E+04
 0.77067204E-01 0.93061094E+04
 0.77977650E-01 0.91543740E+04
 0.78888096E-01 0.90012334E+04
 0.79798549E-01 0.88470498E+04
 0.80708995E-01 0.86922012E+04
 0.81619442E-01 0.85370801E+04
 0.82529895E-01 0.83820947E+04
 0.83440341E-01 0.82276484E+04
 0.84350787E-01 0.80741475E+04
 0.85261241E-01 0.79219951E+04
 0.86171687E-01 0.77715806E+04
 0.87082133E-01 0.76232783E+04
 0.87992579E-01 0.74774448E+04
 0.88903032E-01 0.73344214E+04
 0.89813478E-01 0.71945146E+04
 0.90723924E-01 0.70580151E+04
 0.91634378E-01 0.69251792E+04
 0.92544824E-01 0.67962383E+04
 0.93455270E-01 0.66713877E+04
 0.94365723E-01 0.65507998E+04
 0.95276169E-01 0.64346069E+04
 0.96186616E-01 0.63229185E+04
 0.97097069E-01 0.62158091E+04
 0.98007515E-01 0.61133213E+04
 0.98917961E-01 0.60154751E+04
 0.99828407E-01 0.59222554E+04
 0.10073886E+00 0.58336265E+04
 0.10164931E+00 0.57495220E+04
 0.10255975E+00 0.56698545E+04
 0.10347021E+00 0.55945156E+04
 0.10438065E+00 0.55233696E+04
 0.10529110E+00 0.54562715E+04
 0.10620155E+00 0.53930518E+04
 0.10711200E+00 0.53335259E+04
 0.10802244E+00 0.52774976E+04
 0.10893289E+00 0.52247549E+04
 0.10984334E+00 0.51750820E+04
 0.11075379E+00 0.51282471E+04
 0.11166424E+00 0.50840156E+04
 0.11257469E+00 0.50421460E+04
 0.11348514E+00 0.50023950E+04
 0.11439558E+00 0.49645161E+04
 0.11530603E+00 0.49282646E+04
 0.11621648E+00 0.48933950E+04
 0.11712693E+00 0.48596675E+04
 0.11803738E+00 0.48268477E+04
 0.11894783E+00 0.47947061E+04
 0.11985827E+00 0.47630215E+04
 0.12076872E+00 0.47315864E+04
 0.12167917E+00 0.47001992E+04
 0.12258962E+00 0.46686724E+04
 0.12350006E+00 0.46368359E+04
 0.12441052E+00 0.46045298E+04
 0.12532096E+00 0.45716108E+04
 0.12623142E+00 0.45379541E+04
 0.12714186E+00 0.45034497E+04
 0.12805231E+00 0.44680054E+04
 0.12896276E+00 0.44315474E+04
 0.12987320E+00 0.43940205E+04
 0.13078365E+00 0.43553857E+04
 0.13169411E+00 0.43156245E+04
 0.13260455E+00 0.42747300E+04
 0.13351500E+00 0.42327178E+04
 0.13442545E+00 0.41896152E+04
 0.13533589E+00 0.41454668E+04
 0.13624634E+00 0.41003301E+04
 0.13715678E+00 0.40542764E+04
 0.13806725E+00 0.40073870E+04
 0.13897769E+00 0.39597542E+04
 0.13988814E+00 0.39114790E+04
 0.14079858E+00 0.38626714E+04
 0.14170903E+00 0.38134446E+04
 0.14261948E+00 0.37639192E+04
 0.14352994E+00 0.37142173E+04
 0.14444038E+00 0.36644634E+04
 0.14535083E+00 0.36147812E+04
 0.14626127E+00 0.35652974E+04
 0.14717172E+00 0.35161321E+04
 0.14808217E+00 0.34674053E+04
 0.14899261E+00 0.34192307E+04
 0.14990307E+00 0.33717195E+04
 0.15081352E+00 0.33249734E+04
 0.15172397E+00 0.32790906E+04
 0.15263441E+00 0.32341597E+04
 0.15354486E+00 0.31902634E+04
 0.15445530E+00 0.31474761E+04
 0.15536577E+00 0.31058606E+04
 0.15627621E+00 0.30654739E+04
 0.15718666E+00 0.30263628E+04
 0.15809710E+00 0.29885667E+04
 0.15900755E+00 0.29521133E+04
 0.15991800E+00 0.29170242E+04
 0.16082844E+00 0.28833098E+04
 0.16173890E+00 0.28509736E+04
 0.16264935E+00 0.28200110E+04
 0.16355979E+00 0.27904087E+04
 0.16447024E+00 0.27621465E+04
 0.16538069E+00 0.27351970E+04
 0.16629113E+00 0.27095249E+04
 0.16720159E+00 0.26850916E+04
 0.16811204E+00 0.26618491E+04
 0.16902249E+00 0.26397473E+04
 0.16993293E+00 0.26187288E+04
 0.17084338E+00 0.25987344E+04
 0.17175382E+00 0.25796990E+04
 0.17266427E+00 0.25615559E+04
 0.17357473E+00 0.25442349E+04
 0.17448518E+00 0.25276646E+04
 0.17539562E+00 0.25117715E+04
 0.17630607E+00 0.24964817E+04
 0.17721651E+00 0.24817195E+04
 0.17812696E+00 0.24674119E+04
 0.17903742E+00 0.24534834E+04
 0.17994787E+00 0.24398630E+04
 0.18085831E+00 0.24264790E+04
 0.18176876E+00 0.24132629E+04
 0.18267921E+00 0.24001482E+04
 0.18358965E+00 0.23870728E+04
 0.18450010E+00 0.23739761E+04
 0.18541056E+00 0.23608040E+04
 0.18632101E+00 0.23475034E+04
 0.18723145E+00 0.23340281E+04
 0.18814190E+00 0.23203354E+04
 0.18905234E+00 0.23063887E+04
 0.18996279E+00 0.22921555E+04
 0.19087325E+00 0.22776089E+04
 0.19178370E+00 0.22627268E+04
 0.19269414E+00 0.22474924E+04
 0.19360459E+00 0.22318945E+04
 0.19451503E+00 0.22159282E+04
 0.19542548E+00 0.21995911E+04
 0.19633593E+00 0.21828882E+04
 0.19724639E+00 0.21658271E+04
 0.19815683E+00 0.21484219E+04
 0.19906728E+00 0.21306885E+04
 0.19997773E+00 0.21126492E+04
 0.20088817E+00 0.20943274E+04
 0.20179862E+00 0.20757512E+04
 0.20270908E+00 0.20569517E+04
 0.20361952E+00 0.20379603E+04
 0.20452997E+00 0.20188137E+04
 0.20544042E+00 0.19995465E+04
 0.20635086E+00 0.19801974E+04
 0.20726131E+00 0.19608048E+04
 0.20817176E+00 0.19414066E+04
 0.20908222E+00 0.19220430E+04
 0.20999266E+00 0.19027516E+04
 0.21090311E+00 0.18835707E+04
 0.21181355E+00 0.18645372E+04
 0.21272400E+00 0.18456869E+04
 0.21363445E+00 0.18270536E+04
 0.21454489E+00 0.18086700E+04
 0.21545535E+00 0.17905668E+04
 0.21636580E+00 0.17727715E+04
 0.21727625E+00 0.17553103E+04
 0.22013511E+00 0.17028986E+04
 0.22303158E+00 0.16539402E+04
 0.22596616E+00 0.16088949E+04
 0.22893935E+00 0.15679603E+04
 0.23195167E+00 0.15310637E+04
 0.23500362E+00 0.14978719E+04
 0.23809573E+00 0.14678232E+04
 0.24122852E+00 0.14401765E+04
 0.24440254E+00 0.14140756E+04
 0.24761832E+00 0.13886261E+04
 0.25087640E+00 0.13629797E+04
 0.25417736E+00 0.13364139E+04
 0.25752175E+00 0.13084030E+04
 0.26091015E+00 0.12786698E+04
 0.26434314E+00 0.12472097E+04
 0.26782128E+00 0.12142791E+04
 0.27134520E+00 0.11803599E+04
 0.27491549E+00 0.11460891E+04
 0.27853274E+00 0.11121775E+04
 0.28219759E+00 0.10793169E+04
 0.28591067E+00 0.10480980E+04
 0.28967258E+00 0.10189417E+04
 0.29348400E+00 0.99205383E+03
 0.29734558E+00 0.96741138E+03
 0.30125797E+00 0.94477472E+03
 0.30522183E+00 0.92372833E+03
 0.30923787E+00 0.90374487E+03
 0.31330672E+00 0.88426117E+03
 0.31742913E+00 0.86476099E+03
 0.32160574E+00 0.84484796E+03
 0.32583734E+00 0.82429987E+03
 0.33012462E+00 0.80309235E+03
 0.33446831E+00 0.78139026E+03
 0.33886912E+00 0.75950549E+03
 0.34332788E+00 0.73783228E+03
 0.34784529E+00 0.71677014E+03
 0.35242212E+00 0.69665167E+03
 0.35705921E+00 0.67768597E+03
 0.36175728E+00 0.65992938E+03
 0.36651719E+00 0.64328503E+03
 0.37133971E+00 0.62753186E+03
 0.37622568E+00 0.61237671E+03
 0.38117594E+00 0.59751685E+03
 0.38619134E+00 0.58270233E+03
 0.39127272E+00 0.56778271E+03
 0.39642099E+00 0.55273035E+03
 0.40163699E+00 0.53763300E+03
 0.40692160E+00 0.52266089E+03
 0.41227576E+00 0.50801721E+03
 0.41770035E+00 0.49388309E+03
 0.42319635E+00 0.48037473E+03
 0.42876464E+00 0.46751886E+03
 0.43440619E+00 0.45525424E+03
 0.44012198E+00 0.44345554E+03
 0.44591299E+00 0.43197202E+03
 0.45178017E+00 0.42067020E+03
 0.45772457E+00 0.40946732E+03
 0.46374717E+00 0.39834763E+03
 0.46984902E+00 0.38735663E+03
 0.47603115E+00 0.37657761E+03
 0.48229462E+00 0.36609909E+03
 0.48864052E+00 0.35598401E+03
 0.49506989E+00 0.34625098E+03
 0.50158387E+00 0.33687222E+03
 0.50818360E+00 0.32778793E+03
 0.51487011E+00 0.31892899E+03
 0.52164459E+00 0.31024142E+03
 0.52850825E+00 0.30170157E+03
 0.53546220E+00 0.29331805E+03
 0.54250771E+00 0.28512186E+03
 0.54964584E+00 0.27714810E+03
 0.55687791E+00 0.26942023E+03
 0.56420517E+00 0.26193964E+03
 0.57162881E+00 0.25468718E+03
 0.57915014E+00 0.24763295E+03
 0.58677042E+00 0.24074881E+03
 0.59449095E+00 0.23401883E+03
 0.60231310E+00 0.22744208E+03
 0.61023813E+00 0.22102841E+03
 0.61826748E+00 0.21478967E+03
 0.62640250E+00 0.20873146E+03
 0.63464451E+00 0.20284975E+03
 0.64299494E+00 0.19713281E+03
 0.65145528E+00 0.19156677E+03
 0.70154345E+00 0.16265434E+03
 0.75548273E+00 0.13793080E+03
 0.81356919E+00 0.11680317E+03
 0.87612176E+00 0.98779861E+02
 0.94348377E+00 0.83432693E+02
 0.10160249E+01 0.70385612E+02
 0.10941436E+01 0.59307861E+02
 0.11782687E+01 0.49916801E+02
 0.12688617E+01 0.41967438E+02
 0.13664200E+01 0.35245903E+02
 0.14714794E+01 0.29570942E+02
 0.15846164E+01 0.24784901E+02
 0.17064521E+01 0.20753685E+02
 0.18376554E+01 0.17361944E+02
 0.19789464E+01 0.14511576E+02
 0.21311009E+01 0.12118559E+02
 0.22949538E+01 0.10111670E+02
 0.24714050E+01 0.84302664E+01
 0.26614230E+01 0.70228953E+01
 0.28660505E+01 0.58460083E+01
 0.30864115E+01 0.48627386E+01
 0.33237150E+01 0.40419421E+01
 0.35792639E+01 0.33573446E+01
 0.38544614E+01 0.27868197E+01
 0.41508179E+01 0.23117290E+01
 0.44699597E+01 0.19164075E+01
 0.48136396E+01 0.15877050E+01
 0.51837440E+01 0.13145941E+01
 0.55823045E+01 0.10878270E+01
 0.60115085E+01 0.89966512E+00
 0.64737129E+01 0.74364030E+00
 0.69714546E+01 0.61434478E+00
 0.75074658E+01 0.50726408E+00
 0.80846891E+01 0.41863540E+00
 0.87062931E+01 0.34532097E+00
 0.93756895E+01 0.28470847E+00
 0.10096555E+02 0.23462515E+00
 0.10872844E+02 0.19326334E+00
 0.11708819E+02 0.15912226E+00
 0.12609071E+02 0.13095538E+00
 0.13578539E+02 0.10772859E+00
 0.14622546E+02 0.88584699E-01
 0.15746824E+02 0.72813146E-01
 0.16957542E+02 0.59825845E-01
 0.18261351E+02 0.49135894E-01
 0.19665403E+02 0.40340714E-01
 0.21177408E+02 0.33107478E-01
 0.22805666E+02 0.27161211E-01
 0.24559116E+02 0.22274906E-01
 0.26447382E+02 0.18261150E-01
 0.28480831E+02 0.14965390E-01
 0.30670626E+02 0.12260204E-01
 0.33028786E+02 0.10040565E-01
 0.35568253E+02 0.82199732E-02
 0.38302975E+02 0.67272163E-02
 0.41247959E+02 0.55036787E-02
 0.44419373E+02 0.45011439E-02
 0.47834625E+02 0.36799659E-02
 0.51512466E+02 0.30075589E-02
 0.55473083E+02 0.24571496E-02
 0.59738220E+02 0.20067480E-02
 0.64331284E+02 0.16383007E-02
 0.69277496E+02 0.13369911E-02
 0.74604012E+02 0.10906640E-02
 0.80340057E+02 0.88935043E-03
 0.86517128E+02 0.72487758E-03
 0.93169128E+02 0.59054774E-03
 0.10033259E+03 0.48087322E-03
